1000 1
497150365 658434844
400840638 286833408
148755564 199871618
930463703 726540504
6909590 363274254
539858147 497917205
964540105 649290420
86774071 358655545
595143379 662122943
751724831 43911492
781890461 406969201
181907114 755356314
485353766 778533014
453748999 168746218
180848163 255563660
55119495 119129003
142190877 543602255
936008046 991954680
633967736 67997464
831301084 739207617
411956987 847821106
801113637 952692427
109166723 986720879
312650086 220074251
723955397 240841444
779221263 851472598
452856408 955175021
94180453 829551714
286402986 978586049
225367814 425784710
301919471 366854376
869205499 46379978
214193480 761068978
951764468 5660337
944219776 441509426
58829623 961871573
406751015 908177781
527971460 149403471
25214853 254190462
456045374 790524801
973250997 913466121
120308768 640858129
4160347 130172339
820728680 621374713
212246918 961324756
915038905 218026708
354567485 8861120
958287975 89661311
143004578 579573024
985327208 18752730
537733547 91092568
615230597 533372284
577230335 988837109
212789275 451086916
73895120 427494015
206335057 685817733
821302661 100306599
752529443 622555673
156076099 185279723
653788885 772702473
44238252 58168038
289904398 595991909
733607239 651096444
914814835 160314464
800098448 288096261
791221473 617704006
36762947 130283131
932716639 757490783
432038919 972962599
254247138 173666704
656193101 542144461
46203906 790269381
392932444 908026759
723835935 560556511
633785823 606912640
831747258 738426906
93135412 931332448
372801183 118074993
927751650 946727321
627215366 392526075
484579693 225518655
431827079 213430000
616795880 800688541
19721008 406888276
858316844 652563130
352951989 660287
465544923 119945150
229165721 238054905
476756908 289520867
348654239 874776306
95366059 329803591
675931401 305895022
110669967 555665913
841919654 59231595
27263476 409505612
838293149 601762100
867100018 460246799
534004671 371599134
761763893 835138158
266568045 607766281
792009966 71167757
456347813 695626827
247984249 102837632
816837475 430467418
547476497 400472882
923312207 601793293
396597262 149395867
716728439 311704504
183674017 743722503
905458256 940079189
278004707 31540426
54227992 869286561
185495506 282351958
176323994 129130642
651286319 159256649
12750403 52426917
65402379 483653941
223984536 844582747
417555270 315936607
656645397 15884852
857582663 380674879
306027566 151015889
516380234 603370050
298206765 147424327
92973435 802620828
596957225 317838684
747311617 126627449
70434127 450893493
484687541 153030295
755746625 603362891
820521559 853506957
411244062 631546360
952598690 861941275
181548126 712093042
768226290 294371960
828611636 641333530
945167388 653350830
530896414 374597316
106543599 991266885
52033127 297266849
567835170 137808498
186110263 857287535
676117758 880877036
90486690 174187606
837678672 847878695
238808630 922461558
13973906 217855880
188818084 508562622
490375215 635143202
600485083 585732849
416916784 89331630
185810762 589075737
517609766 636655492
281791509 574913381
71493180 699074488
30895106 623862041
628424244 954550175
467882307 584495354
331529961 562098933
565852450 576732473
688929435 976605157
854827106 70415067
942126454 690212478
616194037 582130538
322464171 69062432
778384664 240831930
773820180 147588884
110820970 106964748
751104521 527923242
486975995 64904306
526365109 954445401
683717547 781147822
56852549 728848382
647378160 31357155
400658975 261607984
943533477 492463048
248147413 398605620
883820031 783390839
615440978 671073606
532490889 940436123
261032878 38653582
668350320 640980085
90872690 658497902
50369915 728057036
439979029 436665543
631957785 74050327
86691224 203033909
36626341 652959547
808153640 194683338
90637695 69660669
32065106 380957399
670658873 504918206
587355064 575062996
509624489 27886856
755425176 832766338
80868321 358446535
90838903 840547435
345182920 9202474
498054429 482278776
633770996 159536346
414561050 513500177
894195430 148076887
114069284 958517185
374481916 720735084
248374174 484776577
837502072 138937540
206333187 237462816
116796273 118762665
56619197 128946811
80137149 692906557
88638083 399891412
111261262 795703041
25183586 501984269
672757758 560507742
215478241 396735104
938801689 681518633
87118626 253567534
5875041 275269441
819646925 556012639
733131943 211911103
16622712 471647349
271940856 655793701
23873524 110867892
557749380 858961550
447914966 62065793
965192849 269762814
510647929 914441120
338330126 649885615
939359145 236975895
686059824 62931250
731425179 295476151
141980895 322282244
41759496 859293326
200451180 379505065
844271080 968246478
432947903 999310963
7788257 941215731
987815520 325056293
922499909 101377517
31640239 341104583
471716532 265410876
447296829 648723090
345475128 527964309
604935649 372525784
945780996 898833674
958277821 428521530
461799188 224339445
84348632 296769865
323075765 495799912
501019000 655486025
992788194 610356027
489529293 472374735
413415228 200075391
353772114 431822277
63220238 348991923
98597047 183145648
340928435 583988425
28844067 202467030
226663576 764077333
391491061 707340963
962760550 147847207
671487203 92250596
362759918 480044640
651284195 643720042
817765807 948730994
719664362 787643749
413242722 226810071
748406164 581902740
828262172 360100800
81458110 20531751
719163438 593200157
452929515 505299770
244113583 930834530
780861751 347557283
820283906 895039256
858110796 552057889
539392530 106401863
497395967 769785195
3432920 305649371
985337426 572842651
220242903 76692033
240238995 11599744
988903459 337852263
45118690 98238207
160107396 352787451
175340640 744767138
103132155 547194204
884835087 848019965
433546591 697056229
901680550 424621011
418134638 953951874
629803618 543536000
932420202 144786778
546238474 741109376
383768343 385466423
289828585 216881951
344075451 982506223
413436040 609148442
195883614 858470449
657670450 834444367
932448438 191279608
612861887 184193913
10146945 328583260
734663040 952982341
21603612 299056404
514094326 561077479
929575993 810080450
727082327 458623552
975183631 810282317
100651954 292925085
305963887 154308815
555056474 484770076
514117334 729922365
249168615 192293353
355461351 157485943
803287857 728615901
373287200 798454934
645204996 54592220
585630600 299130776
997369294 369714825
28161919 621231085
200154091 577413681
835953832 718423455
818199975 103690837
486891893 144472127
365858657 226334471
802979701 583186726
144269375 968889979
453953245 232553258
553366434 217774721
901042617 736354441
610537439 454297412
10752785 909114605
595823038 53004839
830581907 768440317
381012698 532795623
399509484 65394969
399847233 867727352
857558795 427937411
952067643 497788099
469633659 678761341
780155768 204792992
596977568 106032432
985567357 178299197
630751421 91146555
956644325 380786579
279380281 954045084
265338929 823999596
504193152 564277171
200073670 817040475
570332376 12934143
711075815 579628395
360204963 719836336
239399570 186084463
30172852 60658043
769246693 916835765
629855262 623913288
215129537 705696476
893687906 363785517
304425452 759307022
139337431 354603154
319598256 424765598
38720455 82015051
435740628 882537235
837057501 263473507
487512437 498539783
745874657 45008295
337555955 185836166
900733282 154430259
948168583 616804462
763406326 214388135
684056434 716452239
854031326 561784649
992656626 623667095
409558052 907311506
812672527 848105475
950317391 990343424
538777299 163300428
892426536 407213915
35502109 426071450
150493586 306600216
446792766 517344389
803470089 194219702
897704790 910886079
714723898 682924827
662571665 101539805
550132120 535067774
558783520 280247170
272420072 401377567
657842495 828969548
912411515 372436326
576487440 14967301
212253945 792777363
62979830 694411292
567594227 497628596
334455092 914355403
110878049 221421631
924141427 16200888
212624097 498921590
773847791 132454069
273506117 333323113
317145396 242128976
12425280 191322622
718050851 683125542
445225133 291901664
397404943 685656429
373901012 346954428
600820982 982530279
172306358 593656146
730522728 31436280
142919771 796522905
225368393 95634283
50352526 226182801
20795082 277407474
902220257 948086655
762190781 471027179
384466517 379034196
598735304 829468159
757434446 973143553
81051105 100835198
757868406 438306864
761036145 457671818
189380005 63484129
260150195 614633151
166800461 545704420
615291989 908525268
452933292 390941190
754450051 711281326
206448709 963182441
687414991 374497493
776419893 553405764
553686360 959453985
438875086 36635686
173081561 585878043
336074684 297173443
491049909 311976481
308863873 468343910
856517754 571934779
455077824 802870589
816468087 111503067
61160805 945324189
385378145 881375066
781521702 730484249
707182363 239211070
443254222 278764567
391816797 485390456
402034932 69894281
866234409 437897318
545946265 783742297
196409425 68601730
695847115 126899209
857663370 769563617
692040189 346312548
454320056 530966841
20535587 331805552
467596437 84614401
418881100 277873487
209538248 627605536
505709411 181359510
652819205 31857757
259945202 313615084
762671422 8496199
557003846 127605708
636504665 619743835
6242857 215736684
473063544 655774131
109596021 408706157
543527527 294286523
741812590 952640269
200004214 947428775
79372829 565678190
563093330 711853707
330735330 154625934
923413714 799890825
452160201 955165994
195132754 212707912
327641781 507646034
305164397 701467838
783451885 509704854
866999061 807453850
543111724 691823377
337159805 731296293
543657149 830095807
924177780 497574115
62753927 633892472
570755160 681431289
761586416 512036861
881191534 95362494
87547671 437750491
809560709 835370843
903414657 777317122
362050199 79668607
854317587 513317087
174635489 631067091
572223308 654637180
160823381 694399970
524785624 748773116
443427380 575202698
533649381 125067388
620217589 546962864
13214565 755245055
305880926 470255501
753831881 626500006
85683082 923490583
611853269 750590827
284170133 821399505
597859052 182450813
295828101 7271014
906720320 937429224
354039329 548669394
791316814 474641441
949224477 556541931
824846463 399974372
347978805 829737520
188699923 173852287
747191430 340527988
747195169 760104896
342067057 355336238
512269691 88024640
946368830 840934825
349607410 998988287
750583182 304432570
976301857 100837823
604095124 274593636
322518671 853345277
64359920 653540951
422559740 868185953
508603595 74638304
328100414 443454083
249823394 484864302
315910807 874602357
404190828 485391170
548224588 45123320
224618111 176443182
892863338 736824001
947972198 127629849
616102542 73934770
85665092 100439246
830161234 712550143
930078076 308334813
9537251 517391245
954861057 312143565
834697467 57414377
479829719 787985488
183490472 170696903
895845565 93480905
285835937 976441989
103460637 129494400
815749323 919750591
875151821 170500729
269267020 675766764
399624573 279205274
239382226 214915371
760304346 746478373
723703718 798842934
210399986 529382375
604867623 577017490
208238348 438105837
767074903 713719937
289239837 500866149
263496393 433101616
747669633 94676949
273724446 286434907
162623267 780819207
796611554 197485777
807148450 22914871
650443614 642221437
409755706 143900251
488875290 536823114
131495754 644427742
113413094 868113651
661133979 416695768
423506328 586294833
971209145 874582963
356741409 144606255
237025236 360738111
867004628 868323958
253670953 384510484
586748584 998960376
671844011 90178627
115755617 91221101
594231 389973728
605768813 498284464
394695763 693258835
236791122 728004887
480851273 584172114
960007910 701439027
7048329 672294874
486355277 275522408
735400125 625426665
365135021 169106254
395275738 67447774
314918512 853604225
221795868 286711184
656973658 172547591
434720018 880263382
903403971 131433436
28332624 253959152
607476125 162880064
864417233 958189247
18640688 731873689
743032143 194335950
654314051 77249194
673092173 973760895
432184473 137916384
449880710 767316317
771321163 740971000
301510568 631521250
701326524 514246158
79617334 446362525
159755794 301896401
115462011 694218404
543263779 161800183
152723813 512040877
570031794 279404941
8006719 394864306
956543016 105028119
609161673 621114273
692945152 302940898
695089507 126557833
1528307 246747678
840774069 515817881
939496875 600681122
801195805 177229995
560857440 708332606
908103363 379155345
896126071 297193773
213603772 176203461
726055445 362436850
714555563 19528040
797569053 252480070
911551809 88681533
205571078 9330116
817516554 429297362
761395655 6622726
779150087 516145268
22250535 913314813
923589225 765629803
733182190 56026369
797736723 781633351
900862356 204159143
321970350 865250217
920666452 691312505
326205441 584311711
77372833 468165232
591044930 860713603
225446086 721762217
964824095 550513472
219913376 99619802
100934986 87349784
231683132 342581543
39981367 493412819
891990402 713109447
198480002 770697094
615409392 711823120
294575613 635868979
384891339 105680613
843818845 971690693
589872790 954640680
286855448 824299182
799945565 276275850
154200382 62623021
43828496 391607281
746090844 84326200
915207157 155165638
821595302 352810821
748664307 18174769
999398911 282798974
994528383 848151072
609004847 255085773
190331226 27618802
621987772 56929378
458484789 5278871
760612422 693074527
374608580 752296310
77940524 140796356
207716633 152904715
704241610 786703403
606325810 739100920
492665847 572221754
496355676 341258588
782638778 643471651
480525006 634771848
530799374 240901588
211094509 504854431
291440509 475185492
65961724 505938361
616400766 223127896
152099004 480990858
170945155 505506213
121433145 456455536
401484641 798917233
200804338 359666275
499140124 668808396
102039204 719598400
36640018 145214905
70269914 883625993
394377532 75248309
276625051 551178705
892471557 277071545
127948787 537581069
296194562 473370212
443268987 228692052
843200326 426515500
233835685 314224454
688098990 424535323
890772685 551907049
965915044 337749710
378504160 163591625
213549221 74954531
942596406 47935084
920512345 51467964
356721380 777506415
958289702 634694334
992348373 72219501
847078909 487014697
875484786 445255652
678020605 388931847
765773200 940067196
648188412 714430630
19925507 800059440
359014604 195904205
816085020 782405995
475048231 273755861
59503126 51547889
833618372 283823450
490577609 251657931
28334809 288269689
978805344 426647557
54862821 223268249
460507838 112548701
348390663 59880131
700481284 435643609
119185155 451480726
648293783 85074721
991365768 554648473
315538817 369871421
265909426 20491748
757001324 508835004
930658674 169145514
443183985 193663550
53095167 807523656
391551381 460225236
426360244 383282472
314644235 595504262
593553338 787969779
29350382 673417464
761897391 768357910
446800694 366319319
702216576 519925340
16841132 337317604
201905967 252462874
130593328 409749617
379814683 771202193
417842150 639430254
679458379 67619713
373472217 452643632
518434231 712270726
727140697 994522952
208172533 956425265
395687632 966486628
413437567 263359713
607936057 901692559
393844640 942193720
966748934 122971211
310854490 72334578
455763657 637347008
331823884 331948414
497773246 611338797
201477461 416320116
220714874 543219097
729994612 347531508
461947968 632202899
397538756 585562201
366564967 195187296
828114648 63874518
81580303 807791233
62297506 891861797
479388420 363309916
914378738 214209789
969019191 108821634
841699176 669001681
237562959 621340265
148247191 370150638
727899703 252830630
615622421 808441255
638094098 960666643
976226968 369663811
988305812 62720808
180162696 316845446
131249750 536895444
137652329 960671562
13555797 21605110
914202149 225006025
537612038 248635120
816286535 692250143
711147322 704455608
937452638 421651692
238024888 65833950
330191129 927896314
107515953 412465140
56737039 777092960
846086992 290469941
837737158 258232180
915688706 539484340
858388117 480283054
242944799 195762132
390082861 397384460
301191797 809894376
928390675 50459949
2078795 346418462
327606283 86628995
701452292 933167354
684047590 644761246
3127750 120934279
107959722 181147314
334033657 235490630
708000088 549389474
792956134 32979353
832004677 888553050
499976048 798234931
700288748 689011460
388529905 489979201
910670320 111611502
914113338 930569225
411494276 264886954
159336030 552138104
904070769 604025600
339742744 721796341
14784944 582475574
79058042 772817411
624546657 54730172
673429503 574049391
882913554 537570935
5502662 665299027
52161726 114732112
810273026 759737058
365832948 87655352
355511161 50012459
125548676 55772077
693931661 173952219
734673730 588879616
60122595 422513638
650044006 795000018
233615989 630121753
643372310 284842496
792945045 726607788
580540880 770436566
773559206 2202285
257074651 58420305
183526737 254523052
205326147 485320750
92361705 819966941
592988807 28252987
978514907 220914864
957299599 563258106
533968671 348653214
468260207 88436206
26018947 304197211
98146637 27997926
15603122 96128061
901821851 269814565
338987274 600201284
768613676 414873078
264175834 411683120
794091169 76437275
948143140 18933987
669915342 647073993
125833097 975237071
404200055 825993358
170920958 130314713
105227318 784195482
992283747 810477908
634792013 171939311
70245613 706370337
261475830 669444587
866348641 214200978
880653201 51985380
920187796 352680255
80056681 207335694
506357447 631821952
976937563 8645491
230311582 555604988
375315826 325322013
357156546 756185037
531391262 448960478
791139524 938231107
387365037 743498214
97453272 372655136
114207271 355967998
735219819 386348406
907742004 198467661
322796672 865928865
733063529 632236244
140207906 492201377
166180401 531873888
488109341 550866597
369924036 625596841
231328853 162798949
979742202 772432801
83353682 281682611
525016128 22084822
169012969 577290038
105265702 903618201
860772140 403181278
823646373 32158650
459974914 80468315
654236970 806195717
259312561 879240008
231820679 552936288
948646110 109182247
804697317 98857057
824800645 229946357
491730096 444391768
37727208 16026276
830458403 608457626
315833728 341126670
630586678 671639225
737741714 158474644
95631300 762239590
49088296 67893637
531234362 752334366
676459780 725809839
531846860 468115719
579809999 628154346
398044883 974998452
732193181 761418900
508100171 570935268
381966272 685337367
325146438 833287512
783294892 596728869
757274151 812546662
142555112 830776402
565903754 536181808
809049190 499116063
945509243 212776978
156763971 700744552
564454845 780731431
441084269 40946767
71227442 997440672
757603941 969598568
695415092 168951049
695216637 826802367
163811765 26925713
951167759 957404850
782003008 495529657
859322849 242059064
158673986 159202371
291424574 572383142
568719333 5998371
550185998 458005635
187244400 770987482
162404502 903201197
853736678 457520185
253248045 443091378
617161553 881412141
699358827 612810583
218030733 576912780
53524955 8439195
755109457 537754070
939682131 919055740
867848330 768559291
110954667 203049314
359064857 606675553
485960019 36817341
35312895 745366246
949245240 723911051
889276189 264256790
165456749 982629984
669029786 899167255
110774732 319532352
79217711 700198908
431645151 937554629
333070730 8653164
726204025 78847849
386883670 836466909
97961922 756405993
975046074 852138016
407759084 201459168
262249867 967262733
403965115 203568610
947315906 346028551
695475995 852846977
133602675 525926802
882031052 481833806
372037870 465339134
886278037 365022002
538936839 654339604
925086375 790202369
589582582 379229532
773986455 435506831
829491470 587423802
739257479 561019858
239664592 647561836
725169338 353568156
291367518 156353739
999092544 944784112
451813368 928240593
842807408 615786396
803735615 984663561
