1000 37601016
831878 601694
861882 84484
508596 799243
274331 38612
474 152650
695016 614974
493098 796636
770532 391288
334901 807551
22954 285945
512588 840870
207731 765277
914891 434118
954805 564454
565446 715184
98787 202360
590787 580508
733504 844234
764295 278420
695102 842390
639681 718998
92390 885295
445330 351884
97659 379732
839158 429859
843875 262655
466840 733606
98336 792272
206740 734787
665761 835098
305329 102290
997587 47903
617161 946617
210632 868121
687241 957010
377886 510345
978046 873174
953692 203134
539651 603857
675883 731813
935759 844634
528158 960804
29803 664251
378931 256792
630978 450562
319108 374740
617776 125394
94045 524453
922830 711581
550779 208799
122500 637753
694935 280898
327451 753930
205756 398257
507243 233559
144815 626360
220081 874517
907584 918537
732141 547505
13132 197916
815853 177360
17888 679464
349084 584839
948372 703968
650396 648669
320995 392831
395738 552992
408070 303195
132996 711700
512500 56437
194353 443431
622781 782566
417087 100644
462688 257228
844801 93384
935600 632482
702774 912760
932722 467783
468918 821988
871639 398479
834771 80186
541786 447135
493806 318203
739952 856197
428935 986422
90106 201480
782779 713221
278733 473284
511353 757730
822115 180490
19442 22936
564074 129495
263337 618048
840726 378588
196670 268763
527158 473467
345444 972657
541981 267139
430516 971957
922007 442230
641915 508984
280953 631752
497769 688168
501785 515923
149092 756312
395815 520776
320522 665289
843833 489959
339100 384280
691267 170951
957453 967918
649533 394310
728187 632325
278716 335663
677484 417629
511704 764733
831982 165872
982110 867897
304916 587056
6494 654085
471186 59879
191448 31576
639592 811150
597448 117590
715230 753410
388921 379597
984027 521605
894951 618398
65300 963929
201989 161888
993412 282333
643231 15544
442617 845378
820292 839026
853032 550355
515579 79503
491677 243340
105021 388931
379556 152001
713988 655983
255182 636046
333789 151285
39511 658514
700615 102050
748616 110553
47464 676930
501089 485191
759269 943284
72350 659762
32345 735441
578214 133177
646571 873111
969077 87602
168883 648148
661839 955671
278067 951824
879136 936688
686062 473940
523966 727503
21269 829773
668414 143731
857997 989229
197965 952919
979496 462304
502440 816315
460828 468796
585725 289834
500624 747089
607461 66763
871815 839070
305934 381098
299967 377637
985317 35514
87747 526811
899761 289181
293400 287431
496082 451619
465812 966958
389499 33464
748457 89804
261700 856028
634044 669592
250035 561514
781681 34302
774945 181712
352722 388486
33517 54596
998135 775786
802368 787724
995935 219341
734723 454069
360163 928132
81365 165292
767055 708649
119575 419067
573703 142285
486593 779114
518554 670463
78834 134272
77565 367423
545540 31957
194699 550946
742483 157602
192631 295391
774894 158337
531965 596050
891363 407172
835377 233919
990987 232361
729354 591457
749959 954813
131966 439491
724416 171111
794078 331874
252009 588266
600167 4996
824620 844193
596551 405470
197286 797168
341064 896471
399593 551864
462363 10145
416821 885911
556575 577828
891325 694237
142881 751171
245046 676482
570348 844375
778965 390306
285108 698939
194144 156668
172102 723776
655848 140858
403386 77884
64034 12849
41809 495144
795834 62105
120159 682485
745585 566521
105011 706458
385473 624553
33745 62786
569121 235708
824609 426608
236536 800739
592767 721088
967080 997285
307756 97217
493931 81055
759325 601260
906204 61666
176803 937160
693485 459209
125891 117676
736052 186439
52443 717184
964482 31864
786551 881606
708772 764874
445991 682586
742730 300970
268110 464910
243212 211961
855445 901010
686062 816643
561616 825799
676038 224352
291313 620979
13752 267328
552642 828937
767390 780954
742596 913701
717110 347055
814761 542549
98230 613290
624285 676751
34332 379637
384975 724878
122809 237243
994545 799904
29375 377871
966071 725856
993928 357147
456789 718987
872903 54265
360719 146171
31874 10306
352526 71396
508496 2706
486152 868569
276507 91773
710002 619431
646142 286502
241403 138811
132052 439581
572281 190677
254768 695129
402553 622665
449937 590919
542711 657321
870895 503774
973642 283276
265462 143418
313584 931187
34458 201884
794889 470203
109814 847638
184641 604042
113705 994130
973514 848857
2718 538516
168262 125737
159372 621488
412227 496706
509825 903618
911800 556580
804499 727985
567788 851042
834028 493298
225852 882792
675513 943037
407220 161848
807913 963799
480335 911993
954691 896529
11182 354171
437878 264056
334876 139284
299665 389010
616937 896563
711550 380512
234152 5617
817921 319736
185229 86540
427451 652741
650469 805555
242758 971635
673277 93553
203666 398882
431844 131974
789678 954642
957465 877622
154706 545056
973899 52792
545553 550358
814139 511763
965855 381957
925864 344660
882589 747000
620424 408578
909353 286267
680991 696020
836531 69965
274276 137888
43214 114724
617571 632411
641105 754617
162655 859792
529675 531110
119115 820261
720970 802648
816870 90880
90702 873239
697195 791644
130945 226619
368092 354786
165937 763326
858363 961274
256089 183641
192973 236534
659431 131598
901254 502347
774852 972700
480004 652573
115881 761741
643955 143329
477689 842821
205851 599685
389129 769639
151635 348400
656396 276436
955960 71598
287269 789283
1608 64082
925268 686106
31328 502962
661482 477884
333549 64261
11836 288000
935838 756347
106312 402728
978980 654140
352266 106882
773339 876236
900686 391280
148857 873229
792489 154463
388374 699714
798941 491798
780034 424066
825779 20273
991728 557541
932085 878757
158186 108922
467419 391655
13061 936116
988288 133709
711369 578107
503431 278183
73797 501453
126949 418601
739250 208204
833096 569697
903585 178199
459188 346956
267695 840468
568161 812977
362709 308589
571265 722185
927011 286578
474954 582740
926567 753252
806883 47963
524813 783149
261797 693676
652256 3448
552557 921587
857197 519361
583979 562860
267156 178540
885244 37157
336362 14608
900780 220047
598311 318928
199909 161496
291572 61041
285893 762741
317265 736612
924897 392412
228212 741814
763789 179906
623356 2869
94482 854746
917506 867963
374644 605082
193919 366799
192180 500697
969247 670315
231493 498784
402986 933116
573560 652515
376596 128848
687839 769089
91920 450818
57091 612941
934050 649034
213696 638540
460420 282329
229510 669159
59138 505885
694680 675277
528193 877624
552790 264598
546402 278539
671535 378638
315314 824403
446788 785370
388954 99068
802189 571553
434318 939671
673876 170341
983043 291114
63992 681301
528584 333724
857117 695479
532385 60219
81930 697253
117227 63718
459912 451471
559536 94988
185148 719450
275957 368726
1257 66372
278848 749647
324249 362598
407216 423098
622025 738008
894124 873282
752169 81671
776746 120421
296676 840689
519641 468552
762130 269550
937215 325224
252110 804200
15785 966098
53353 812786
540402 568297
914608 399162
160814 230313
821861 308953
672240 683209
905793 781000
944821 12849
112540 276337
832263 141884
585759 124480
32453 418005
269749 512528
222974 73136
763698 289054
801139 184013
933469 141479
161238 103628
896002 24919
831706 228118
623832 343179
935741 440258
942378 728179
498498 641711
600920 511499
473265 338575
644504 476112
202260 839522
185954 557768
118466 231773
701765 862037
146045 410140
233673 616063
368648 488304
591356 807266
678997 288018
621102 878787
625065 896029
201992 597168
956982 236791
772905 28400
426644 255899
415817 605047
785033 125291
962857 675465
35965 946767
330318 381627
842748 523227
676458 265398
953762 457231
394981 318065
378154 549986
747322 616152
390565 611981
948941 59929
431222 670270
617640 188507
319725 303930
618037 696819
495150 252273
109105 483284
932137 604065
168208 384241
603738 449467
710054 491433
839536 343559
75032 475690
453878 508942
12475 900052
928045 113761
636745 67891
504439 455109
668804 61661
670809 27191
870631 767627
865809 540151
552807 368361
380053 168387
954850 188400
503354 557285
74039 425854
615155 628711
120506 31176
363600 856139
682411 244213
642277 771008
562548 264179
869837 967801
637984 547316
917625 850911
967916 277040
872316 819479
404962 378517
745044 991120
3088 649268
360768 438436
314440 183512
517891 889093
823348 369813
39602 16456
568703 842193
214541 6843
812451 46871
861732 31866
498487 675919
107835 589403
435627 506978
342492 980413
918838 493316
212171 215707
392437 150927
115579 221897
52050 979435
233604 909491
282528 437941
231114 374206
498196 387584
157379 388382
727524 792383
931806 668946
760014 292953
881446 199642
778850 855770
946728 588804
58137 526086
209028 210553
420643 959594
554187 977086
962861 48975
706633 445509
669875 25573
965582 958529
989272 896098
670267 80138
767656 85605
124613 707999
636340 700140
829152 202424
530150 793871
103648 543512
596541 596816
505360 346234
927715 701386
195076 462314
220749 804453
897147 808155
9796 231087
342063 224446
568756 594873
310781 157503
629337 7441
30550 306452
110214 424676
536804 922908
225453 697342
217786 764589
433073 584066
623176 569445
685928 787888
627638 968923
522399 93313
454449 909187
911527 623170
905421 565661
942062 179031
988936 144715
704374 636045
209087 661236
735818 890382
296535 441746
315282 731015
420124 690801
34318 459664
225443 205866
312078 244146
773695 452145
380738 792290
49924 683848
961951 330211
380239 758148
374866 425896
452317 375577
555190 428466
876230 299928
820681 161024
634417 684794
624942 270181
687851 207258
639469 489303
525690 181772
659990 579205
7861 156995
68557 234553
560588 267648
487218 633555
12786 221352
571710 319930
61067 906809
877313 589296
41961 513609
407584 130451
367098 339935
143905 911316
304137 565679
3648 961796
610942 283287
832905 818624
903257 136264
282161 662806
336569 90490
778722 672884
555160 627196
367502 125766
606511 637236
956040 217
254162 321536
654906 218811
219458 72414
451652 943013
28397 644927
370365 831316
331732 953137
211287 969445
898061 604634
790685 428007
401270 829024
590837 780671
870099 56990
61914 195359
687263 587416
893986 635060
246463 549301
996951 260410
305926 176674
268706 185209
636060 374820
370631 299485
591502 817666
235494 167854
74894 132296
602527 836813
584206 474590
57533 120016
84208 855233
581265 41674
375398 391167
468011 425122
290574 543268
796311 250162
436446 972281
620147 609101
443696 342921
939032 669344
468038 399435
844798 587628
565568 625853
841265 258834
52255 913302
767626 97924
905236 978724
930208 444472
693819 533197
410257 112222
646981 536457
471061 348275
607501 642134
965772 719644
181491 105394
740391 76236
103865 939387
197036 215407
521001 710958
997416 765899
254742 819725
567324 5797
375259 669348
195637 882974
46991 36590
411772 7570
296525 927390
463901 727778
808761 740373
806083 640601
123236 210635
504125 167320
4025 15688
497456 691395
673424 696506
369476 257115
956572 152371
464080 396881
434350 986426
585954 248418
343619 923435
735531 668398
227232 805427
874497 121021
971722 843507
662662 419597
486739 777714
715536 50452
226731 310229
593881 593544
660201 285746
879855 564632
768482 111549
594947 269409
237353 664919
810950 344694
809272 625940
383561 902308
319841 287906
420735 453156
668836 957258
330677 470006
365245 209749
122796 614433
435063 914092
849720 282408
86005 244414
366470 536087
870237 890452
890322 866828
898106 970092
747446 43546
81748 759657
964103 119533
164864 888647
15506 860099
530267 357867
18433 443292
45482 132095
202273 12938
122298 288409
179261 893147
875556 987966
221209 233190
795574 109752
616107 226776
724311 670042
11350 724040
763896 339727
682931 817816
417683 74705
969521 25533
760019 380644
577324 691129
165458 887239
962734 993107
470956 951762
154790 929736
641723 808562
455392 291298
54711 591521
596584 402441
960330 314832
825704 626292
492007 664145
672645 635812
808047 821220
830506 753112
661735 619051
634940 402
666997 314432
306806 155129
1297 223205
311813 115041
134936 659447
3280 595860
842681 775811
390919 373738
118854 749284
757786 575131
210682 863414
363255 667117
426760 865278
338109 803635
769777 116477
201317 264272
851538 125418
480605 608856
450476 123215
346293 380336
962860 701253
253460 13899
435641 917582
274057 737354
128300 180754
22691 33862
714326 15115
853350 13054
332731 78717
461372 856206
56669 160726
287395 290186
771347 311924
259670 231390
261308 346309
555471 603193
286215 164476
55040 807038
987101 850182
93803 253102
489201 122206
545596 414927
563903 510021
981283 402657
348572 137481
548535 887817
77774 155270
288446 256368
44364 230324
758574 912583
333544 25512
399537 365678
661733 352033
738195 185231
475525 222276
847863 119202
330448 883552
770130 823789
172824 732399
148875 201708
163312 87429
186693 504237
610603 257782
431659 685976
525183 13970
464246 911255
475289 781765
584367 699353
898316 948907
33960 886789
798443 699691
126016 955046
988710 350465
9015 575482
328833 903718
577367 741634
494725 491142
837772 260472
71028 439262
931999 417092
17944 491614
824512 151320
17805 487970
58108 1469
124287 859021
95851 73514
174654 226183
211499 548541
204099 517432
665793 261730
96149 98381
622695 848765
535996 794122
870838 599062
647098 682845
916044 842784
870170 691168
375899 128637
917931 114024
652198 493176
22683 911380
348401 663594
718709 245951
732294 194191
735142 115393
810253 586167
761747 751555
950898 500588
269110 780929
950390 982212
932394 939353
850345 756524
240165 624630
631578 904425
901436 342084
889615 104847
224204 452685
43002 353532
575511 963801
85700 904346
547966 127661
125421 368387
130542 107216
920403 396259
651037 861028
65591 420859
562052 137451
306630 683107
472794 664176
791409 684099
938605 166394
27176 244632
11518 187239
962784 116894
145269 981480
871034 319246
664742 457413
610510 576585
664112 426046
88072 884189
364347 78690
